0.86174 0
1.7398 0
-0.62643 0
-2.4905 0
-0.066359 0
2.5969 0
-1.8957 0
0.38823 0
-2.0731 0
1.5743 0
0.27302 0
-2.2576 0
-0.26745 0
-1.9937 0
0.37441 0
-2.268 0
2.9166 0
1.5965 0
-1.8684 0
-1.9429 0
-2.4575 0
-1.7382 0
1.5215 0
-2.192 0
2.3327 0
-1.3797 0
-2.6522 0
-1.9238 0
0.98709 0
-1.492 0
0.25766 0
0.25743 0
-1.0875 0
-1.0059 0
2.0231 0
-2.6998 0
1.5512 0
-2.3789 0
-0.4668 0
1.7406 0
0.74527 0
-0.030599 0
-1.9223 0
0.90794 0
1.308 0
-2.8971 0
0.69458 0
-1.7398 0
1.3078 0
-1.4054 0
2.4238 0
0.50944 0
0.7234 0
-2.0749 0
-1.9324 0
-1.1888 0
0.99908 0
1.2117 0
2.6095 0
-0.12257 0
0.75406 0
0.20815 0
2.3971 0
-1.8147 0
-1.9794 0
-2.5808 0
1.3302 0
-0.94437 0
-0.016279 0
0.6688 0
-1.9659 0
-2.2789 0
-1.8723 0
1.2039 0
1.6946 0
-1.342 0
0.99986 0
0.37354 0
-0.65881 0
-0.0092288 0
0.37875 0
-3.1329 0
-1.9113 0
-1.8723 0
-1.5509 0
-3.0414 0
-0.40106 0
-2.7507 0
-0.083954 0
0.51724 0
-1.0599 0
-1.7255 0
-0.77891 0
-2.815 0
0.23527 0
-1.354 0
-0.3675 0
-1.9017 0
-0.27225 0
0.051235 0
2.1317 0
0.76448 0
-0.10744 0
2.1354 0
1.5608 0
-2.7183 0
0.40811 0
1.6265 0
0.30706 0
-0.40689 0
-2.325 0
0.4999 0
-0.15577 0
-2.7334 0
-1.0417 0
0.49669 0
-0.48597 0
-1.921 0
2.5667 0
0.31078 0
-1.4641 0
1.5172 0
-2.5187 0
-2.9357 0
-3.0688 0
-1.3555 0
-1.2619 0
2.4885 0
-0.025159 0
0.89384 0
0.63671 0
1.9901 0
-2.5813 0
2.2877 0
2.4026 0
-0.42277 0
1.3605 0
-2.6943 0
-0.91377 0
-2.2036 0
0.68434 0
-2.8308 0
-1.3949 0
-2.2377 0
-2.1939 0
0.86572 0
1.1969 0
0.015824 0
-0.55396 0
-0.056845 0
-2.2663 0
-1.4352 0
-2.6661 0
1.3479 0
-1.3664 0
-1.494 0
1.2796 0
-0.39405 0
-0.38184 0
0.6131 0
-1.3249 0
-2.2962 0
-1.1532 0
-1.9761 0
0.10686 0
1.0338 0
0.67733 0
3.1905 0
-1.5204 0
0.10295 0
-3.0462 0
-1.6547 0
0.047802 0
-3.2906 0
-2.3204 0
0.6191 0
-2.6044 0
3.0961 0
-1.8432 0
-0.19003 0
-2.5674 0
-1.064 0
-2.3446 0
-3.4006 0
-1.9838 0
0.81963 0
-3.3418 0
2.2009 0
1.5854 0
-2.5819 0
-1.7994 0
-2.3815 0
-1.3284 0
-1.061 0
-1.6907 0
0.53614 0
2.0848 0
-2.5401 0
2.0135 0
2.8091 0
-2.7452 0
-0.52931 0
-2.8711 0
-2.5453 0
-1.787 0
-1.8661 0
-1.9162 0
-0.27403 0
0.88613 0
-2.4805 0
-1.9657 0
-1.1794 0
-0.72104 0
-1.5159 0
1.6992 0
-1.5152 0
1.453 0
2.5014 0
-2.038 0
-2.1541 0
-1.9314 0
0.01999 0
1.4684 0
-0.67212 0
-1.0584 0
0.079249 0
-1.84 0
-1.0585 0
-1.386 0
-1.7595 0
1.3072 0
-1.0577 0
-2.0893 0
1.8674 0
0.97233 0
-1.2446 0
2.1382 0
-2.8037 0
-2.1986 0
-2.5701 0
0.62392 0
0.15307 0
1.2094 0
0.72862 0
-2.625 0
1.3622 0
0.52298 0
-2.845 0
-1.6563 0
-1.8805 0
-2.844 0
-0.27001 0
-2.6543 0
-1.4089 0
-1.6102 0
-2.0827 0
1.0617 0
-2.3676 0
-0.073345 0
-1.7558 0
0.37677 0
-1.4635 0
-2.3147 0
-3.3315 0
1.4248 0
0.65922 0
-0.034397 0
0.25214 0
-0.9587 0
-0.85062 0
-1.8757 0
0.18551 0
-1.5971 0
-1.4987 0
-1.6065 0
-2.3486 0
0.52549 0
1.2433 0
2.2867 0
0.64894 0
1.922 0
-1.0195 0
-1.539 0
1.172 0
-1.4184 0
1.2246 0
0.37637 0
-1.7094 0
2.1753 0
1.2944 0
-1.932 0
-1.1091 0
-2.5195 0
-0.053002 0
2.3656 0
3.0058 0
-1.7796 0
0.263 0
-2.1229 0
-2.3523 0
-2.4683 0
1.9883 0
-2.3276 0
-2.6576 0
1.9828 0
0.30381 0
0.73203 0
-1.3129 0
-1.655 0
-1.0451 0
1.0235 0
-2.0703 0
0.57002 0
-2.8609 0
-0.56281 0
0.28255 0
-2.0877 0
-2.2591 0
0.88852 0
1.8212 0
-0.36213 0
0.90258 0
-0.24317 0
0.98678 0
-0.17406 0
-0.78463 0
-1.0705 0
0.57279 0
-2.1809 0
1.8575 0
-2.295 0
-2.0532 0
-2.3175 0
0.5513 0
-0.99109 0
0.62492 0
1.8817 0
-1.3256 0
3.4266 0
0.8071 0
-2.9708 0
1.1087 0
0.062548 0
-1.9485 0
-2.374 0
-3.2415 0
-1.1466 0
-1.2494 0
3.6436 0
-2.2671 0
-2.9295 0
0.27632 0
0.99868 0
-2.1695 0
-1.1163 0
-1.3201 0
-2.2327 0
1.9964 0
-2.4687 0
1.7708 0
-2.1401 0
-2.91 0
-0.66474 0
-1.6437 0
-2.5391 0
-2.0049 0
-1.3208 0
1.7333 0
2.1254 0
-0.19838 0
2.0345 0
-0.75706 0
-1.904 0
-1.6249 0
2.0957 0
0.021671 0
1.1819 0
-2.5552 0
-2.5989 0
-1.9923 0
-3.1232 0
-2.0905 0
2.0071 0
1.6056 0
2.0884 0
-1.8969 0
-1.3119 0
2.0458 0
-0.06494 0
1.5661 0
1.4737 0
-2.1371 0
2.9682 0
2.3092 0
-1.2977 0
-1.8981 0
-2.3529 0
-1.784 0
-1.6154 0
-0.071923 0
-2.1236 0
-0.59518 0
-1.9594 0
-1.8764 0
-0.88539 0
-2.852 0
1.9029 0
-2.2173 0
0.30145 0
2.5 0
2.0277 0
1.4349 0
-1.546 0
-2.087 0
0.31866 0
-1.5782 0
1.0602 0
-2.1755 0
3.0707 0
-1.6987 0
-1.0733 0
0.50533 0
-1.3861 0
-0.99994 0
2.0573 0
1.537 0
-2.078 0
-0.24419 0
1.872 0
0.36145 0
-2.1189 0
-0.72518 0
-1.8347 0
-0.84878 0
0.46555 0
0.32246 0
-0.77366 0
1.8007 0
-2.9219 0
2.2876 0
-1.3038 0
-1.8337 0
1.4361 0
1.0607 0
1.0681 0
0.074389 0
1.708 0
1.4988 0
-1.8306 0
0.95583 0
2.2088 0
0.90745 0
3.0257 0
1.0719 0
0.75353 0
-2.4161 0
1.0208 0
-1.0205 0
-1.7561 0
0.18964 0
-1.926 0
1.0775 0
-3.0528 0
-2.756 0
-2.8091 0
-0.43907 0
-1.5963 0
-1.3012 0
-2.2046 0
-2.5175 0
-1.4364 0
-1.7105 0
-0.008879 0
0.8282 0
-0.52326 0
-0.57137 0
-2.7569 0
-1.1176 0
-2.2084 0
-2.4379 0
-2.7342 0
0.55411 0
0.66178 0
-1.2165 0
-0.17355 0
-3.0864 0
-2.1213 0
-2.6768 0
-1.1125 0
1.584 0
1.2523 0
1.8537 0
-2.1469 0
1.0945 0
-3.2487 0
1.0306 0
-1.1932 0
-1.7038 0
-2.8198 0
0.84995 0
