-3.400565 0.048176
-3.386448 0.049300
-3.372332 0.050439
-3.358215 0.051594
-3.344099 0.052764
-3.329982 0.053949
-3.315866 0.055150
-3.301749 0.056366
-3.287633 0.057597
-3.273516 0.058842
-3.259400 0.060103
-3.245284 0.061378
-3.231167 0.062668
-3.217051 0.063972
-3.202934 0.065290
-3.188818 0.066622
-3.174701 0.067968
-3.160585 0.069328
-3.146468 0.070702
-3.132352 0.072089
-3.118235 0.073489
-3.104119 0.074902
-3.090002 0.076327
-3.075886 0.077765
-3.061769 0.079216
-3.047653 0.080678
-3.033536 0.082152
-3.019420 0.083638
-3.005303 0.085135
-2.991187 0.086643
-2.977070 0.088162
-2.962954 0.089691
-2.948837 0.091230
-2.934721 0.092780
-2.920604 0.094339
-2.906488 0.095907
-2.892372 0.097484
-2.878255 0.099070
-2.864139 0.100665
-2.850022 0.102267
-2.835906 0.103877
-2.821789 0.105495
-2.807673 0.107119
-2.793556 0.108751
-2.779440 0.110388
-2.765323 0.112032
-2.751207 0.113682
-2.737090 0.115336
-2.722974 0.116996
-2.708857 0.118660
-2.694741 0.120328
-2.680624 0.122001
-2.666508 0.123676
-2.652391 0.125355
-2.638275 0.127036
-2.624158 0.128720
-2.610042 0.130406
-2.595925 0.132093
-2.581809 0.133781
-2.567692 0.135470
-2.553576 0.137160
-2.539460 0.138849
-2.525343 0.140538
-2.511227 0.142226
-2.497110 0.143913
-2.482994 0.145598
-2.468877 0.147282
-2.454761 0.148963
-2.440644 0.150640
-2.426528 0.152315
-2.412411 0.153986
-2.398295 0.155653
-2.384178 0.157316
-2.370062 0.158974
-2.355945 0.160627
-2.341829 0.162274
-2.327712 0.163915
-2.313596 0.165549
-2.299479 0.167177
-2.285363 0.168798
-2.271246 0.170411
-2.257130 0.172017
-2.243013 0.173614
-2.228897 0.175202
-2.214780 0.176781
-2.200664 0.178351
-2.186548 0.179911
-2.172431 0.181461
-2.158315 0.183001
-2.144198 0.184529
-2.130082 0.186047
-2.115965 0.187553
-2.101849 0.189047
-2.087732 0.190529
-2.073616 0.191998
-2.059499 0.193454
-2.045383 0.194897
-2.031266 0.196327
-2.017150 0.197743
-2.003033 0.199144
-1.988917 0.200531
-1.974800 0.201904
-1.960684 0.203261
-1.946567 0.204603
-1.932451 0.205930
-1.918334 0.207240
-1.904218 0.208535
-1.890101 0.209812
-1.875985 0.211074
-1.861869 0.212318
-1.847752 0.213545
-1.833636 0.214755
-1.819519 0.215947
-1.805403 0.217121
-1.791286 0.218277
-1.777170 0.219415
-1.763053 0.220534
-1.748937 0.221635
-1.734820 0.222716
-1.720704 0.223779
-1.706587 0.224822
-1.692471 0.225845
-1.678354 0.226850
-1.664238 0.227834
-1.650121 0.228798
-1.636005 0.229742
-1.621888 0.230666
-1.607772 0.231570
-1.593655 0.232453
-1.579539 0.233315
-1.565422 0.234157
-1.551306 0.234978
-1.537189 0.235778
-1.523073 0.236556
-1.508957 0.237314
-1.494840 0.238050
-1.480724 0.238765
-1.466607 0.239459
-1.452491 0.240131
-1.438374 0.240782
-1.424258 0.241412
-1.410141 0.242019
-1.396025 0.242605
-1.381908 0.243170
-1.367792 0.243712
-1.353675 0.244233
-1.339559 0.244733
-1.325442 0.245210
-1.311326 0.245666
-1.297209 0.246100
-1.283093 0.246513
-1.268976 0.246904
-1.254860 0.247273
-1.240743 0.247620
-1.226627 0.247946
-1.212510 0.248251
-1.198394 0.248534
-1.184277 0.248795
-1.170161 0.249035
-1.156045 0.249254
-1.141928 0.249451
-1.127812 0.249627
-1.113695 0.249783
-1.099579 0.249917
-1.085462 0.250030
-1.071346 0.250122
-1.057229 0.250193
-1.043113 0.250244
-1.028996 0.250275
-1.014880 0.250284
-1.000763 0.250274
-0.986647 0.250243
-0.972530 0.250192
-0.958414 0.250122
-0.944297 0.250031
-0.930181 0.249921
-0.916064 0.249791
-0.901948 0.249641
-0.887831 0.249473
-0.873715 0.249285
-0.859598 0.249079
-0.845482 0.248853
-0.831365 0.248609
-0.817249 0.248346
-0.803133 0.248065
-0.789016 0.247766
-0.774900 0.247449
-0.760783 0.247114
-0.746667 0.246761
-0.732550 0.246391
-0.718434 0.246004
-0.704317 0.245599
-0.690201 0.245178
-0.676084 0.244740
-0.661968 0.244285
-0.647851 0.243814
-0.633735 0.243327
-0.619618 0.242823
-0.605502 0.242304
-0.591385 0.241770
-0.577269 0.241220
-0.563152 0.240655
-0.549036 0.240075
-0.534919 0.239480
-0.520803 0.238871
-0.506686 0.238247
-0.492570 0.237609
-0.478453 0.236958
-0.464337 0.236292
-0.450221 0.235613
-0.436104 0.234921
-0.421988 0.234215
-0.407871 0.233497
-0.393755 0.232766
-0.379638 0.232023
-0.365522 0.231267
-0.351405 0.230500
-0.337289 0.229720
-0.323172 0.228929
-0.309056 0.228127
-0.294939 0.227313
-0.280823 0.226489
-0.266706 0.225654
-0.252590 0.224808
-0.238473 0.223952
-0.224357 0.223086
-0.210240 0.222210
-0.196124 0.221324
-0.182007 0.220429
-0.167891 0.219524
-0.153774 0.218611
-0.139658 0.217688
-0.125541 0.216758
-0.111425 0.215818
-0.097309 0.214871
-0.083192 0.213915
-0.069076 0.212952
-0.054959 0.211981
-0.040843 0.211003
-0.026726 0.210018
-0.012610 0.209025
0.001507 0.208026
0.015623 0.207020
0.029740 0.206008
0.043856 0.204990
0.057973 0.203966
0.072089 0.202936
0.086206 0.201900
0.100322 0.200859
0.114439 0.199813
0.128555 0.198762
0.142672 0.197706
0.156788 0.196646
0.170905 0.195581
0.185021 0.194511
0.199138 0.193438
0.213254 0.192361
0.227370 0.191280
0.241487 0.190195
0.255603 0.189107
0.269720 0.188016
0.283836 0.186922
0.297953 0.185825
0.312069 0.184725
0.326186 0.183623
0.340302 0.182519
0.354419 0.181412
0.368535 0.180303
0.382652 0.179193
0.396768 0.178080
0.410885 0.176967
0.425001 0.175851
0.439118 0.174735
0.453234 0.173617
0.467351 0.172499
0.481467 0.171380
0.495584 0.170260
0.509700 0.169139
0.523817 0.168018
0.537933 0.166897
0.552050 0.165776
0.566166 0.164655
0.580282 0.163534
0.594399 0.162414
0.608515 0.161294
0.622632 0.160174
0.636748 0.159055
0.650865 0.157937
0.664981 0.156820
0.679098 0.155704
0.693214 0.154589
0.707331 0.153476
0.721447 0.152364
0.735564 0.151253
0.749680 0.150144
0.763797 0.149037
0.777913 0.147931
0.792030 0.146828
0.806146 0.145727
0.820263 0.144628
0.834379 0.143531
0.848496 0.142436
0.862612 0.141344
0.876729 0.140255
0.890845 0.139168
0.904962 0.138084
0.919078 0.137002
0.933194 0.135924
0.947311 0.134849
0.961427 0.133776
0.975544 0.132707
0.989660 0.131642
1.003777 0.130579
1.017893 0.129520
1.032010 0.128464
1.046126 0.127412
1.060243 0.126364
1.074359 0.125319
1.088476 0.124278
1.102592 0.123241
1.116709 0.122207
1.130825 0.121178
1.144942 0.120153
1.159058 0.119131
1.173175 0.118114
1.187291 0.117101
1.201408 0.116093
1.215524 0.115088
1.229641 0.114088
1.243757 0.113093
1.257874 0.112101
1.271990 0.111115
1.286106 0.110133
1.300223 0.109155
1.314339 0.108182
1.328456 0.107214
1.342572 0.106251
1.356689 0.105292
1.370805 0.104338
1.384922 0.103389
1.399038 0.102445
1.413155 0.101506
1.427271 0.100571
1.441388 0.099642
1.455504 0.098718
1.469621 0.097798
1.483737 0.096884
1.497854 0.095975
1.511970 0.095071
1.526087 0.094172
1.540203 0.093278
1.554320 0.092390
1.568436 0.091506
1.582553 0.090628
1.596669 0.089755
1.610786 0.088888
1.624902 0.088025
1.639018 0.087168
1.653135 0.086317
1.667251 0.085470
1.681368 0.084629
1.695484 0.083794
1.709601 0.082963
1.723717 0.082138
1.737834 0.081319
1.751950 0.080505
1.766067 0.079696
1.780183 0.078893
1.794300 0.078095
1.808416 0.077302
1.822533 0.076515
1.836649 0.075733
1.850766 0.074957
1.864882 0.074186
1.878999 0.073421
1.893115 0.072660
1.907232 0.071906
1.921348 0.071157
1.935465 0.070413
1.949581 0.069675
1.963697 0.068942
1.977814 0.068214
1.991930 0.067492
2.006047 0.066775
2.020163 0.066064
2.034280 0.065358
2.048396 0.064657
2.062513 0.063962
2.076629 0.063272
2.090746 0.062587
2.104862 0.061908
2.118979 0.061234
2.133095 0.060566
2.147212 0.059902
2.161328 0.059244
2.175445 0.058591
2.189561 0.057944
2.203678 0.057302
2.217794 0.056665
2.231911 0.056033
2.246027 0.055406
2.260144 0.054785
2.274260 0.054169
2.288377 0.053557
2.302493 0.052951
2.316609 0.052351
2.330726 0.051755
2.344842 0.051164
2.358959 0.050579
2.373075 0.049998
2.387192 0.049422
2.401308 0.048852
2.415425 0.048286
2.429541 0.047726
2.443658 0.047170
2.457774 0.046619
2.471891 0.046073
2.486007 0.045532
2.500124 0.044996
2.514240 0.044465
2.528357 0.043938
2.542473 0.043417
2.556590 0.042900
2.570706 0.042388
2.584823 0.041880
2.598939 0.041377
2.613056 0.040879
2.627172 0.040386
2.641289 0.039897
2.655405 0.039413
2.669521 0.038933
2.683638 0.038458
2.697754 0.037987
2.711871 0.037521
2.725987 0.037060
2.740104 0.036603
2.754220 0.036150
2.768337 0.035701
2.782453 0.035257
2.796570 0.034818
2.810686 0.034383
2.824803 0.033952
2.838919 0.033525
2.853036 0.033102
2.867152 0.032684
2.881269 0.032270
2.895385 0.031860
2.909502 0.031454
2.923618 0.031052
2.937735 0.030655
2.951851 0.030261
2.965968 0.029872
2.980084 0.029486
2.994201 0.029104
3.008317 0.028727
3.022433 0.028353
3.036550 0.027983
3.050666 0.027617
3.064783 0.027255
3.078899 0.026897
3.093016 0.026542
3.107132 0.026192
3.121249 0.025845
3.135365 0.025501
3.149482 0.025162
3.163598 0.024826
3.177715 0.024493
3.191831 0.024164
3.205948 0.023839
3.220064 0.023518
3.234181 0.023199
3.248297 0.022885
3.262414 0.022573
3.276530 0.022266
3.290647 0.021961
3.304763 0.021660
3.318880 0.021363
3.332996 0.021068
3.347113 0.020777
3.361229 0.020490
3.375345 0.020205
3.389462 0.019924
3.403578 0.019646
3.417695 0.019371
3.431811 0.019099
3.445928 0.018830
3.460044 0.018565
3.474161 0.018302
3.488277 0.018043
3.502394 0.017786
3.516510 0.017533
3.530627 0.017282
3.544743 0.017035
3.558860 0.016790
3.572976 0.016548
3.587093 0.016309
3.601209 0.016073
3.615326 0.015840
3.629442 0.015610
3.643559 0.015382
