-3.400565 0.222271
-3.386448 0.222018
-3.372332 0.221764
-3.358215 0.221509
-3.344099 0.221255
-3.329982 0.221000
-3.315866 0.220745
-3.301749 0.220490
-3.287633 0.220235
-3.273516 0.219979
-3.259400 0.219724
-3.245284 0.219468
-3.231167 0.219212
-3.217051 0.218955
-3.202934 0.218698
-3.188818 0.218442
-3.174701 0.218184
-3.160585 0.217927
-3.146468 0.217670
-3.132352 0.217412
-3.118235 0.217154
-3.104119 0.216895
-3.090002 0.216637
-3.075886 0.216378
-3.061769 0.216119
-3.047653 0.215860
-3.033536 0.215601
-3.019420 0.215341
-3.005303 0.215081
-2.991187 0.214821
-2.977070 0.214561
-2.962954 0.214300
-2.948837 0.214039
-2.934721 0.213778
-2.920604 0.213517
-2.906488 0.213255
-2.892372 0.212994
-2.878255 0.212732
-2.864139 0.212469
-2.850022 0.212207
-2.835906 0.211944
-2.821789 0.211681
-2.807673 0.211418
-2.793556 0.211154
-2.779440 0.210891
-2.765323 0.210627
-2.751207 0.210362
-2.737090 0.210098
-2.722974 0.209833
-2.708857 0.209568
-2.694741 0.209303
-2.680624 0.209038
-2.666508 0.208772
-2.652391 0.208506
-2.638275 0.208240
-2.624158 0.207973
-2.610042 0.207706
-2.595925 0.207439
-2.581809 0.207172
-2.567692 0.206905
-2.553576 0.206637
-2.539460 0.206369
-2.525343 0.206100
-2.511227 0.205832
-2.497110 0.205563
-2.482994 0.205294
-2.468877 0.205025
-2.454761 0.204755
-2.440644 0.204485
-2.426528 0.204215
-2.412411 0.203944
-2.398295 0.203674
-2.384178 0.203403
-2.370062 0.203132
-2.355945 0.202860
-2.341829 0.202588
-2.327712 0.202316
-2.313596 0.202044
-2.299479 0.201771
-2.285363 0.201498
-2.271246 0.201225
-2.257130 0.200952
-2.243013 0.200678
-2.228897 0.200404
-2.214780 0.200130
-2.200664 0.199855
-2.186548 0.199580
-2.172431 0.199305
-2.158315 0.199030
-2.144198 0.198754
-2.130082 0.198478
-2.115965 0.198202
-2.101849 0.197925
-2.087732 0.197648
-2.073616 0.197371
-2.059499 0.197094
-2.045383 0.196816
-2.031266 0.196538
-2.017150 0.196260
-2.003033 0.195981
-1.988917 0.195702
-1.974800 0.195423
-1.960684 0.195144
-1.946567 0.194864
-1.932451 0.194584
-1.918334 0.194303
-1.904218 0.194023
-1.890101 0.193742
-1.875985 0.193460
-1.861869 0.193179
-1.847752 0.192897
-1.833636 0.192614
-1.819519 0.192332
-1.805403 0.192049
-1.791286 0.191766
-1.777170 0.191482
-1.763053 0.191198
-1.748937 0.190914
-1.734820 0.190630
-1.720704 0.190345
-1.706587 0.190060
-1.692471 0.189775
-1.678354 0.189489
-1.664238 0.189203
-1.650121 0.188917
-1.636005 0.188630
-1.621888 0.188343
-1.607772 0.188055
-1.593655 0.187768
-1.579539 0.187480
-1.565422 0.187191
-1.551306 0.186903
-1.537189 0.186614
-1.523073 0.186324
-1.508957 0.186035
-1.494840 0.185745
-1.480724 0.185454
-1.466607 0.185164
-1.452491 0.184873
-1.438374 0.184581
-1.424258 0.184289
-1.410141 0.183997
-1.396025 0.183705
-1.381908 0.183412
-1.367792 0.183119
-1.353675 0.182825
-1.339559 0.182532
-1.325442 0.182237
-1.311326 0.181943
-1.297209 0.181648
-1.283093 0.181353
-1.268976 0.181057
-1.254860 0.180761
-1.240743 0.180465
-1.226627 0.180168
-1.212510 0.179871
-1.198394 0.179574
-1.184277 0.179276
-1.170161 0.178978
-1.156045 0.178679
-1.141928 0.178380
-1.127812 0.178081
-1.113695 0.177781
-1.099579 0.177481
-1.085462 0.177180
-1.071346 0.176880
-1.057229 0.176578
-1.043113 0.176277
-1.028996 0.175975
-1.014880 0.175672
-1.000763 0.175370
-0.986647 0.175067
-0.972530 0.174763
-0.958414 0.174459
-0.944297 0.174155
-0.930181 0.173850
-0.916064 0.173545
-0.901948 0.173239
-0.887831 0.172933
-0.873715 0.172627
-0.859598 0.172320
-0.845482 0.172013
-0.831365 0.171705
-0.817249 0.171397
-0.803133 0.171089
-0.789016 0.170780
-0.774900 0.170471
-0.760783 0.170161
-0.746667 0.169851
-0.732550 0.169541
-0.718434 0.169230
-0.704317 0.168918
-0.690201 0.168606
-0.676084 0.168294
-0.661968 0.167981
-0.647851 0.167668
-0.633735 0.167355
-0.619618 0.167041
-0.605502 0.166726
-0.591385 0.166411
-0.577269 0.166096
-0.563152 0.165780
-0.549036 0.165464
-0.534919 0.165147
-0.520803 0.164830
-0.506686 0.164513
-0.492570 0.164195
-0.478453 0.163876
-0.464337 0.163557
-0.450221 0.163238
-0.436104 0.162918
-0.421988 0.162597
-0.407871 0.162277
-0.393755 0.161955
-0.379638 0.161633
-0.365522 0.161311
-0.351405 0.160988
-0.337289 0.160665
-0.323172 0.160341
-0.309056 0.160017
-0.294939 0.159692
-0.280823 0.159367
-0.266706 0.159041
-0.252590 0.158715
-0.238473 0.158388
-0.224357 0.158061
-0.210240 0.157733
-0.196124 0.157405
-0.182007 0.157076
-0.167891 0.156747
-0.153774 0.156417
-0.139658 0.156087
-0.125541 0.155756
-0.111425 0.155425
-0.097309 0.155093
-0.083192 0.154760
-0.069076 0.154427
-0.054959 0.154094
-0.040843 0.153760
-0.026726 0.153425
-0.012610 0.153090
0.001507 0.152754
0.015623 0.152418
0.029740 0.152081
0.043856 0.151744
0.057973 0.151406
0.072089 0.151067
0.086206 0.150728
0.100322 0.150388
0.114439 0.150048
0.128555 0.149707
0.142672 0.149366
0.156788 0.149024
0.170905 0.148681
0.185021 0.148338
0.199138 0.147995
0.213254 0.147650
0.227370 0.147305
0.241487 0.146960
0.255603 0.146614
0.269720 0.146267
0.283836 0.145919
0.297953 0.145571
0.312069 0.145223
0.326186 0.144873
0.340302 0.144523
0.354419 0.144173
0.368535 0.143822
0.382652 0.143470
0.396768 0.143117
0.410885 0.142764
0.425001 0.142411
0.439118 0.142056
0.453234 0.141701
0.467351 0.141345
0.481467 0.140989
0.495584 0.140632
0.509700 0.140274
0.523817 0.139915
0.537933 0.139556
0.552050 0.139196
0.566166 0.138836
0.580282 0.138474
0.594399 0.138112
0.608515 0.137750
0.622632 0.137386
0.636748 0.137022
0.650865 0.136657
0.664981 0.136292
0.679098 0.135925
0.693214 0.135558
0.707331 0.135190
0.721447 0.134822
0.735564 0.134453
0.749680 0.134083
0.763797 0.133712
0.777913 0.133340
0.792030 0.132968
0.806146 0.132594
0.820263 0.132220
0.834379 0.131846
0.848496 0.131470
0.862612 0.131094
0.876729 0.130717
0.890845 0.130339
0.904962 0.129960
0.919078 0.129580
0.933194 0.129200
0.947311 0.128818
0.961427 0.128436
0.975544 0.128053
0.989660 0.127669
1.003777 0.127284
1.017893 0.126899
1.032010 0.126512
1.046126 0.126125
1.060243 0.125736
1.074359 0.125347
1.088476 0.124957
1.102592 0.124566
1.116709 0.124174
1.130825 0.123781
1.144942 0.123388
1.159058 0.122993
1.173175 0.122597
1.187291 0.122200
1.201408 0.121803
1.215524 0.121404
1.229641 0.121005
1.243757 0.120604
1.257874 0.120202
1.271990 0.119800
1.286106 0.119396
1.300223 0.118992
1.314339 0.118586
1.328456 0.118179
1.342572 0.117771
1.356689 0.117363
1.370805 0.116953
1.384922 0.116542
1.399038 0.116130
1.413155 0.115717
1.427271 0.115302
1.441388 0.114887
1.455504 0.114470
1.469621 0.114053
1.483737 0.113634
1.497854 0.113214
1.511970 0.112793
1.526087 0.112371
1.540203 0.111947
1.554320 0.111522
1.568436 0.111096
1.582553 0.110669
1.596669 0.110241
1.610786 0.109811
1.624902 0.109380
1.639018 0.108948
1.653135 0.108515
1.667251 0.108080
1.681368 0.107644
1.695484 0.107206
1.709601 0.106768
1.723717 0.106328
1.737834 0.105886
1.751950 0.105443
1.766067 0.104999
1.780183 0.104553
1.794300 0.104106
1.808416 0.103658
1.822533 0.103208
1.836649 0.102756
1.850766 0.102303
1.864882 0.101849
1.878999 0.101393
1.893115 0.100935
1.907232 0.100476
1.921348 0.100015
1.935465 0.099553
1.949581 0.099089
1.963697 0.098624
1.977814 0.098157
1.991930 0.097688
2.006047 0.097217
2.020163 0.096745
2.034280 0.096271
2.048396 0.095795
2.062513 0.095318
2.076629 0.094838
2.090746 0.094357
2.104862 0.093874
2.118979 0.093389
2.133095 0.092903
2.147212 0.092414
2.161328 0.091923
2.175445 0.091431
2.189561 0.090936
2.203678 0.090440
2.217794 0.089941
2.231911 0.089440
2.246027 0.088937
2.260144 0.088432
2.274260 0.087925
2.288377 0.087416
2.302493 0.086904
2.316609 0.086390
2.330726 0.085874
2.344842 0.085356
2.358959 0.084835
2.373075 0.084312
2.387192 0.083786
2.401308 0.083258
2.415425 0.082727
2.429541 0.082194
2.443658 0.081658
2.457774 0.081119
2.471891 0.080578
2.486007 0.080034
2.500124 0.079487
2.514240 0.078938
2.528357 0.078385
2.542473 0.077830
2.556590 0.077271
2.570706 0.076710
2.584823 0.076146
2.598939 0.075578
2.613056 0.075007
2.627172 0.074433
2.641289 0.073855
2.655405 0.073274
2.669521 0.072690
2.683638 0.072102
2.697754 0.071511
2.711871 0.070915
2.725987 0.070316
2.740104 0.069713
2.754220 0.069107
2.768337 0.068496
2.782453 0.067881
2.796570 0.067262
2.810686 0.066638
2.824803 0.066011
2.838919 0.065378
2.853036 0.064741
2.867152 0.064100
2.881269 0.063453
2.895385 0.062802
2.909502 0.062145
2.923618 0.061483
2.937735 0.060816
2.951851 0.060143
2.965968 0.059465
2.980084 0.058781
2.994201 0.058090
3.008317 0.057394
3.022433 0.056691
3.036550 0.055982
3.050666 0.055265
3.064783 0.054542
3.078899 0.053811
3.093016 0.053073
3.107132 0.052327
3.121249 0.051574
3.135365 0.050811
3.149482 0.050040
3.163598 0.049260
3.177715 0.048471
3.191831 0.047672
3.205948 0.046863
3.220064 0.046043
3.234181 0.045212
3.248297 0.044370
3.262414 0.043515
3.276530 0.042647
3.290647 0.041767
3.304763 0.040872
3.318880 0.039962
3.332996 0.039036
3.347113 0.038093
3.361229 0.037133
3.375345 0.036154
3.389462 0.035154
3.403578 0.034133
3.417695 0.033088
3.431811 0.032018
3.445928 0.030920
3.460044 0.029793
3.474161 0.028632
3.488277 0.027435
3.502394 0.026197
3.516510 0.024915
3.530627 0.023580
3.544743 0.022186
3.558860 0.020724
3.572976 0.019179
3.587093 0.017536
3.601209 0.015767
3.615326 0.013835
3.629442 0.011675
3.643559 0.009161
