-3.400565 0.054843
-3.386448 0.055639
-3.372332 0.056443
-3.358215 0.057255
-3.344099 0.058075
-3.329982 0.058902
-3.315866 0.059736
-3.301749 0.060578
-3.287633 0.061427
-3.273516 0.062284
-3.259400 0.063149
-3.245284 0.064020
-3.231167 0.064900
-3.217051 0.065786
-3.202934 0.066680
-3.188818 0.067582
-3.174701 0.068490
-3.160585 0.069406
-3.146468 0.070329
-3.132352 0.071260
-3.118235 0.072197
-3.104119 0.073142
-3.090002 0.074094
-3.075886 0.075052
-3.061769 0.076018
-3.047653 0.076991
-3.033536 0.077971
-3.019420 0.078957
-3.005303 0.079951
-2.991187 0.080951
-2.977070 0.081957
-2.962954 0.082971
-2.948837 0.083991
-2.934721 0.085017
-2.920604 0.086050
-2.906488 0.087089
-2.892372 0.088134
-2.878255 0.089186
-2.864139 0.090244
-2.850022 0.091308
-2.835906 0.092377
-2.821789 0.093453
-2.807673 0.094535
-2.793556 0.095622
-2.779440 0.096715
-2.765323 0.097813
-2.751207 0.098917
-2.737090 0.100026
-2.722974 0.101140
-2.708857 0.102260
-2.694741 0.103384
-2.680624 0.104514
-2.666508 0.105648
-2.652391 0.106787
-2.638275 0.107931
-2.624158 0.109079
-2.610042 0.110231
-2.595925 0.111388
-2.581809 0.112549
-2.567692 0.113714
-2.553576 0.114882
-2.539460 0.116055
-2.525343 0.117231
-2.511227 0.118411
-2.497110 0.119594
-2.482994 0.120780
-2.468877 0.121969
-2.454761 0.123162
-2.440644 0.124357
-2.426528 0.125554
-2.412411 0.126755
-2.398295 0.127957
-2.384178 0.129162
-2.370062 0.130369
-2.355945 0.131578
-2.341829 0.132788
-2.327712 0.134001
-2.313596 0.135214
-2.299479 0.136429
-2.285363 0.137645
-2.271246 0.138862
-2.257130 0.140080
-2.243013 0.141299
-2.228897 0.142517
-2.214780 0.143737
-2.200664 0.144956
-2.186548 0.146175
-2.172431 0.147394
-2.158315 0.148613
-2.144198 0.149831
-2.130082 0.151048
-2.115965 0.152265
-2.101849 0.153480
-2.087732 0.154694
-2.073616 0.155906
-2.059499 0.157117
-2.045383 0.158326
-2.031266 0.159533
-2.017150 0.160737
-2.003033 0.161939
-1.988917 0.163139
-1.974800 0.164336
-1.960684 0.165529
-1.946567 0.166720
-1.932451 0.167907
-1.918334 0.169091
-1.904218 0.170271
-1.890101 0.171447
-1.875985 0.172618
-1.861869 0.173786
-1.847752 0.174948
-1.833636 0.176107
-1.819519 0.177260
-1.805403 0.178408
-1.791286 0.179550
-1.777170 0.180687
-1.763053 0.181819
-1.748937 0.182944
-1.734820 0.184064
-1.720704 0.185177
-1.706587 0.186283
-1.692471 0.187383
-1.678354 0.188476
-1.664238 0.189561
-1.650121 0.190640
-1.636005 0.191711
-1.621888 0.192774
-1.607772 0.193829
-1.593655 0.194877
-1.579539 0.195916
-1.565422 0.196946
-1.551306 0.197968
-1.537189 0.198981
-1.523073 0.199985
-1.508957 0.200980
-1.494840 0.201965
-1.480724 0.202940
-1.466607 0.203906
-1.452491 0.204862
-1.438374 0.205808
-1.424258 0.206743
-1.410141 0.207668
-1.396025 0.208583
-1.381908 0.209486
-1.367792 0.210378
-1.353675 0.211259
-1.339559 0.212129
-1.325442 0.212987
-1.311326 0.213833
-1.297209 0.214668
-1.283093 0.215490
-1.268976 0.216300
-1.254860 0.217098
-1.240743 0.217883
-1.226627 0.218655
-1.212510 0.219415
-1.198394 0.220161
-1.184277 0.220895
-1.170161 0.221615
-1.156045 0.222321
-1.141928 0.223014
-1.127812 0.223694
-1.113695 0.224359
-1.099579 0.225010
-1.085462 0.225647
-1.071346 0.226270
-1.057229 0.226878
-1.043113 0.227472
-1.028996 0.228052
-1.014880 0.228616
-1.000763 0.229165
-0.986647 0.229700
-0.972530 0.230219
-0.958414 0.230723
-0.944297 0.231212
-0.930181 0.231686
-0.916064 0.232143
-0.901948 0.232585
-0.887831 0.233012
-0.873715 0.233422
-0.859598 0.233817
-0.845482 0.234196
-0.831365 0.234558
-0.817249 0.234905
-0.803133 0.235235
-0.789016 0.235549
-0.774900 0.235847
-0.760783 0.236128
-0.746667 0.236392
-0.732550 0.236641
-0.718434 0.236872
-0.704317 0.237087
-0.690201 0.237285
-0.676084 0.237467
-0.661968 0.237632
-0.647851 0.237779
-0.633735 0.237911
-0.619618 0.238025
-0.605502 0.238122
-0.591385 0.238203
-0.577269 0.238266
-0.563152 0.238313
-0.549036 0.238342
-0.534919 0.238355
-0.520803 0.238351
-0.506686 0.238330
-0.492570 0.238291
-0.478453 0.238236
-0.464337 0.238164
-0.450221 0.238075
-0.436104 0.237970
-0.421988 0.237847
-0.407871 0.237707
-0.393755 0.237551
-0.379638 0.237378
-0.365522 0.237188
-0.351405 0.236981
-0.337289 0.236758
-0.323172 0.236518
-0.309056 0.236262
-0.294939 0.235989
-0.280823 0.235699
-0.266706 0.235393
-0.252590 0.235071
-0.238473 0.234733
-0.224357 0.234378
-0.210240 0.234008
-0.196124 0.233621
-0.182007 0.233218
-0.167891 0.232800
-0.153774 0.232365
-0.139658 0.231915
-0.125541 0.231450
-0.111425 0.230969
-0.097309 0.230472
-0.083192 0.229960
-0.069076 0.229433
-0.054959 0.228891
-0.040843 0.228334
-0.026726 0.227763
-0.012610 0.227176
0.001507 0.226575
0.015623 0.225959
0.029740 0.225329
0.043856 0.224685
0.057973 0.224026
0.072089 0.223354
0.086206 0.222668
0.100322 0.221968
0.114439 0.221255
0.128555 0.220528
0.142672 0.219788
0.156788 0.219035
0.170905 0.218269
0.185021 0.217490
0.199138 0.216699
0.213254 0.215895
0.227370 0.215078
0.241487 0.214250
0.255603 0.213410
0.269720 0.212557
0.283836 0.211693
0.297953 0.210818
0.312069 0.209931
0.326186 0.209034
0.340302 0.208125
0.354419 0.207205
0.368535 0.206275
0.382652 0.205334
0.396768 0.204383
0.410885 0.203423
0.425001 0.202452
0.439118 0.201471
0.453234 0.200481
0.467351 0.199482
0.481467 0.198473
0.495584 0.197456
0.509700 0.196430
0.523817 0.195395
0.537933 0.194352
0.552050 0.193300
0.566166 0.192241
0.580282 0.191174
0.594399 0.190099
0.608515 0.189017
0.622632 0.187928
0.636748 0.186831
0.650865 0.185728
0.664981 0.184618
0.679098 0.183502
0.693214 0.182380
0.707331 0.181251
0.721447 0.180117
0.735564 0.178977
0.749680 0.177832
0.763797 0.176681
0.777913 0.175526
0.792030 0.174365
0.806146 0.173200
0.820263 0.172030
0.834379 0.170857
0.848496 0.169679
0.862612 0.168497
0.876729 0.167311
0.890845 0.166123
0.904962 0.164930
0.919078 0.163735
0.933194 0.162537
0.947311 0.161336
0.961427 0.160133
0.975544 0.158927
0.989660 0.157719
1.003777 0.156509
1.017893 0.155297
1.032010 0.154084
1.046126 0.152870
1.060243 0.151654
1.074359 0.150437
1.088476 0.149219
1.102592 0.148001
1.116709 0.146782
1.130825 0.145563
1.144942 0.144344
1.159058 0.143124
1.173175 0.141905
1.187291 0.140687
1.201408 0.139468
1.215524 0.138251
1.229641 0.137034
1.243757 0.135819
1.257874 0.134605
1.271990 0.133392
1.286106 0.132180
1.300223 0.130971
1.314339 0.129763
1.328456 0.128557
1.342572 0.127353
1.356689 0.126152
1.370805 0.124953
1.384922 0.123756
1.399038 0.122562
1.413155 0.121372
1.427271 0.120184
1.441388 0.118999
1.455504 0.117818
1.469621 0.116640
1.483737 0.115466
1.497854 0.114295
1.511970 0.113128
1.526087 0.111965
1.540203 0.110807
1.554320 0.109652
1.568436 0.108502
1.582553 0.107356
1.596669 0.106214
1.610786 0.105078
1.624902 0.103946
1.639018 0.102819
1.653135 0.101697
1.667251 0.100580
1.681368 0.099468
1.695484 0.098362
1.709601 0.097261
1.723717 0.096165
1.737834 0.095075
1.751950 0.093991
1.766067 0.092912
1.780183 0.091839
1.794300 0.090773
1.808416 0.089712
1.822533 0.088657
1.836649 0.087609
1.850766 0.086566
1.864882 0.085530
1.878999 0.084501
1.893115 0.083478
1.907232 0.082461
1.921348 0.081451
1.935465 0.080448
1.949581 0.079451
1.963697 0.078461
1.977814 0.077478
1.991930 0.076502
2.006047 0.075532
2.020163 0.074570
2.034280 0.073615
2.048396 0.072667
2.062513 0.071725
2.076629 0.070792
2.090746 0.069865
2.104862 0.068945
2.118979 0.068033
2.133095 0.067128
2.147212 0.066230
2.161328 0.065340
2.175445 0.064457
2.189561 0.063582
2.203678 0.062714
2.217794 0.061853
2.231911 0.061000
2.246027 0.060154
2.260144 0.059316
2.274260 0.058485
2.288377 0.057662
2.302493 0.056847
2.316609 0.056039
2.330726 0.055238
2.344842 0.054445
2.358959 0.053660
2.373075 0.052882
2.387192 0.052112
2.401308 0.051349
2.415425 0.050594
2.429541 0.049847
2.443658 0.049107
2.457774 0.048374
2.471891 0.047649
2.486007 0.046932
2.500124 0.046222
2.514240 0.045520
2.528357 0.044825
2.542473 0.044138
2.556590 0.043458
2.570706 0.042785
2.584823 0.042120
2.598939 0.041462
2.613056 0.040812
2.627172 0.040169
2.641289 0.039533
2.655405 0.038905
2.669521 0.038284
2.683638 0.037670
2.697754 0.037063
2.711871 0.036464
2.725987 0.035871
2.740104 0.035286
2.754220 0.034708
2.768337 0.034137
2.782453 0.033572
2.796570 0.033015
2.810686 0.032465
2.824803 0.031922
2.838919 0.031385
2.853036 0.030856
2.867152 0.030333
2.881269 0.029817
2.895385 0.029307
2.909502 0.028805
2.923618 0.028308
2.937735 0.027819
2.951851 0.027336
2.965968 0.026859
2.980084 0.026389
2.994201 0.025925
3.008317 0.025468
3.022433 0.025017
3.036550 0.024572
3.050666 0.024133
3.064783 0.023701
3.078899 0.023274
3.093016 0.022854
3.107132 0.022439
3.121249 0.022031
3.135365 0.021628
3.149482 0.021232
3.163598 0.020841
3.177715 0.020455
3.191831 0.020076
3.205948 0.019702
3.220064 0.019334
3.234181 0.018971
3.248297 0.018614
3.262414 0.018262
3.276530 0.017916
3.290647 0.017574
3.304763 0.017239
3.318880 0.016908
3.332996 0.016582
3.347113 0.016262
3.361229 0.015947
3.375345 0.015636
3.389462 0.015331
3.403578 0.015031
3.417695 0.014735
3.431811 0.014444
3.445928 0.014158
3.460044 0.013877
3.474161 0.013600
3.488277 0.013328
3.502394 0.013060
3.516510 0.012797
3.530627 0.012538
3.544743 0.012283
3.558860 0.012033
3.572976 0.011787
3.587093 0.011546
3.601209 0.011308
3.615326 0.011075
3.629442 0.010845
3.643559 0.010620
